12.xyz  7 0.6123724360498286 0.8660254030566606
14.xyz  7 0.7012189637303037 0.866624518733132

15.xyz  8 0.7793808400826431 0.8656389953148873
16.xyz  8 0.7684263761279637 0.9255571736431185
23.xyz  8 0.9266065297020001 1.0609578149116226
28.xyz  8 1.0193198671994046 1.1904870421859908
29.xyz  8 1.1118911931137054 1.1928382470918413
30.xyz  8 1.103828172201918  1.2182041997693482
32.xyz  8 0.99533136788154   1.3033066587870559
111.xyz 8 2.212357881832403  2.3346135438916327
122.xyz 8 2.1392950159792288 2.449501775328924
136.xyz 8 2.447587588495632  2.6020398401935063
195.xyz 8 3.0058363930722134 3.0753771547084856

20.xyz 9 0.9552322210490912 0.9684019184222455
22.xyz 9 0.9076990380095793 1.049810069186102
27.xyz 9 1.0046137417910734 1.1581231511243772
34.xyz 9 1.143590646093195 1.304930527120207
36.xyz 9 1.2798797747112989 1.3102016113892045
38.xyz 9 1.2570414397707683 1.3801714129853129
39.xyz 9 1.1374150070398186 1.3796828971803947
40.xyz 9 1.158566580485515 1.4020729430044754
41.xyz 9 1.2090537112274389 1.4174223482729418
42.xyz 9 1.2662387614856856 1.4345586174481404
45.xyz 9 1.447374234588995 1.4852378256091217
46.xyz 9 1.346631801514362 1.495266938914718
50.xyz 9 1.3896440935146956 1.5960840162398628
51.xyz 9 1.573281611556351 1.5772692987432342
56.xyz 9 1.595652535666857 1.6608424224821425
58.xyz 9 1.6302428305546681 1.6857859722500796
62.xyz 9 1.6606746964615353 1.7525995750841878
67.xyz 9 1.6828172987995853 1.82256677170873
68.xyz 9 1.705482381950591 1.8220306955646062
69.xyz 9 1.8204826102695895 1.820678259874453
72.xyz 9 1.6620564896383414 1.9191332930682803
75.xyz 9 1.8814218812821752 1.9049130498982851
77.xyz 9 1.878385308179857 1.9449207721566744
78.xyz 9 1.7730755729164913 1.9621470622525556
88.xyz 9 2.0756380532383494 2.0825696270197906
92.xyz 9 2.0954026638173175 2.1399873411539225
107.xyz 9 2.221137165656961 2.272252748957184
112.xyz 9 2.1840614573093817 2.3558945465936105
113.xyz 9 2.187158802364712 2.3595276881801657
115.xyz 9 2.2793434035282023 2.3524530209661334
127.xyz 9 2.3789716301202626 2.5114023425105523
128.xyz 9 2.4933247257758806 2.4990791682828184
132.xyz 9 2.2977315371836533 2.5862275269271904
135.xyz 9 2.5171094352124648 2.5877451534827087
137.xyz 9 2.4592235602983035 2.5855965185070424
146.xyz 9 2.5697820123477357 2.6719021087062877
160.xyz 9 2.6854624025078295 2.775392626525233
161.xyz 9 2.7450629229193 2.7717942991901636
162.xyz 9 2.736805681367747 2.8113962147535827
164.xyz 9 2.7502302986365557 2.8450497579658958
177.xyz 9 2.7411063865141485 2.949599139846946
182.xyz 9 2.827393724885202 2.9995678593229447
184.xyz 9 2.84287715104243 3.0157139478058337
187.xyz 9 2.861928349097998 3.0560627362196784
188.xyz 9 2.9453318480010737 3.016831277347484
192.xyz 9 2.7249661450014657 3.102751142557401
197.xyz 9 2.8976233113839487 3.1153470029840915
200.xyz 9 3.115751501406568 3.1285125569081824
202.xyz 9 3.00056508912289 3.135728972792108
204.xyz 9 2.901518149752298 3.178982675181515
209.xyz 9 3.1166508955872056 3.1906647171577056
212.xyz 9 2.9642824789475735 3.2656300632780146
214.xyz 9 3.047120652177433 3.2627704558154718
216.xyz 9 3.112953637337046 3.275995598668503
217.xyz 9 3.095319709660984 3.265621591192845
220.xyz 9 3.176622111808861 3.279539766998457
222.xyz 9 3.2415374276276974 3.2867469170401122
223.xyz 9 3.179989790277018 3.2935142969213684
224.xyz 9 3.2257135319019765 3.294997114114236
233.xyz 9 3.3082648993572685 3.346269481218835
236.xyz 9 3.333360609458009 3.379669049745145
242.xyz 9 3.4041744299077563 3.4307298966462403
243.xyz 9 3.329201645482653 3.4354532681874144
244.xyz 9 3.361701422031611 3.4308545982500145
250.xyz 9 3.324399194402528 3.5093548308361684
255.xyz 9 3.2840960211932506 3.546997679177647
256.xyz 9 3.3059727735358138 3.5529537342201105
257.xyz 9 3.2828353509437154 3.573897570495309
258.xyz 9 3.360064110241416 3.5665641294387487
259.xyz 9 3.356534084563132 3.576180156153748
263.xyz 9 3.3574674048060174 3.5988119922922652
264.xyz 9 3.5303622446074416 3.613529580131228
272.xyz 9 3.2479524300443976 3.6920279105437777
273.xyz 9 3.471103777455965 3.662315088916946
274.xyz 9 3.5098241951640623 3.6583403249876576
275.xyz 9 3.5985687355642995 3.649710877908703
276.xyz 9 3.4626711347373873 3.6982579099058204
277.xyz 9 3.6471563235851163 3.6524196159972626
278.xyz 9 3.5869150615879164 3.6731535804441853
279.xyz 9 3.5959131199981478 3.6804256458959355
282.xyz 9 3.330095988029239 3.7562436984942464
287.xyz 9 3.7211497733684866 3.721424249430957
288.xyz 9 3.6243345761291996 3.7513569556452264
291.xyz 9 3.589989960494795 3.785220806657392
292.xyz 9 3.5549133441619825 3.786237548829822
293.xyz 9 3.557209395382303 3.808151184595572
295.xyz 9 3.7228788034921636 3.786847535818198
299.xyz 9 3.7282035049944264 3.8019039222467694
304.xyz 9 3.713236032410276 3.8484715564187724
305.xyz 9 3.7395550485483353 3.8506719173411037
306.xyz 9 3.6586960278980984 3.8911190055267184
308.xyz 9 3.686198820686234 3.897642998973312
311.xyz 9 3.7593650380637214 3.8926817082821366
314.xyz 9 3.7371303147614583 3.93462175844112
315.xyz 9 3.6916241962952916 3.947070262499115
316.xyz 9 3.7774173750757263 3.943345674962319
317.xyz 9 3.726422432591502 3.9428016618278385
318.xyz 9 3.780896519239086 3.955933141393098
320.xyz 9 3.8329705356293515 3.9500458689396263
322.xyz 9 3.81217777387446 3.972016673210202
324.xyz 9 3.8473829200425427 3.969229913818113
327.xyz 9 3.9416975926750353 3.987110181065034
328.xyz 9 3.808033857771553 4.007346238741135
329.xyz 9 3.8589052406508273 4.010903315769737
330.xyz 9 3.8669654421498647 4.029802976479282
331.xyz 9 3.8612215197125908 4.009510505471454
332.xyz 9 3.8956870683259006 4.0319750383225985
333.xyz 9 3.8715004679486476 4.028419743285473
339.xyz 9 3.94563396667274 4.055849145883436
340.xyz 9 4.0324475926749015 4.035034582166366
344.xyz 9 3.9758764453660054 4.088398714023686
345.xyz 9 4.07364039366915 4.085135336245742
346.xyz 9 4.025451688033153 4.082797800082753
348.xyz 9 3.8175778625851056 4.15211907479343
349.xyz 9 4.078584000628203 4.1024770247652445
356.xyz 9 3.907906368339495 4.197006792711948
357.xyz 9 3.8602933165289515 4.207005210997042
358.xyz 9 3.9076988119905454 4.209311084069152
367.xyz 9 3.99190579971022 4.249084714640408
372.xyz 9 3.841095568367235 4.323232416190199
375.xyz 9 4.054259242071652 4.290091782561422
390.xyz 9 4.0487617046216595 4.409909682102864
392.xyz 9 3.9511356594065847 4.429186846675495
400.xyz 9 4.178863159337794 4.449448136318128
