12.xyz 1.1547005393496221 1.632993160911361 1.4142135603670318
14.xyz 1.1539022706879352 1.4260880719486797 1.2358828890235847
15.xyz 1.1552159796547026 1.2830697761237795 1.1106752319226858
16.xyz 1.08043028402434 1.3013608473968794 1.2044838678064693
17.xyz 1.176363489013988 1.0975011529876135 0.9329609115185342
20.xyz 1.0326290984937692 1.0468658593841633 1.0137869065583764
22.xyz 0.9525532563954936 1.1016867465154752 1.1565618395808228
23.xyz 0.9425445441327935 1.0792067268526626 1.144992810759525
24.xyz 0.9194016886037203 0.902249112713668 0.981343762902914
27.xyz 0.863466030386439 0.9954074470623427 1.1528044092445122
28.xyz 0.8399923431033608 0.9810463154686798 1.1679229263497732
29.xyz 0.8383366331839343 0.8993685768835268 1.07280123673923
30.xyz 0.8208804403968871 0.9059381026715403 1.1036176014055454
32.xyz 0.7672791305544826 1.0046905304797102 1.309419858394506
34.xyz 0.7663243208869176 0.8744387717897674 1.1410818474059674
36.xyz 0.7632413143956537 0.7813233865857196 1.0236911601206804
37.xyz 0.7426982053337459 0.8809761843653353 1.1861832680334154
38.xyz 0.7245476834192635 0.7955187222645246 1.0979521989640997
39.xyz 0.7248042300471086 0.879186571137787 1.212998675629479
40.xyz 0.7132296539844204 0.8631355477049362 1.2101789975824397
41.xyz 0.7055060202898945 0.8270931148168709 1.172340265044111
42.xyz 0.6970785214610794 0.7897404742425465 1.1329290028722263
44.xyz 0.6813023057436712 0.681302301541314 0.9999999938318758
45.xyz 0.673292844255352 0.6909063157974247 1.0261601941745762
46.xyz 0.6687769079719047 0.7425934831447205 1.1103754843998244
48.xyz 0.6570308596457435 0.634113278865074 0.9651194758294517
50.xyz 0.6265334342209953 0.7196087146823288 1.1485559674513768
51.xyz 0.6340071418348144 0.6356141155242775 1.0025346302642781
56.xyz 0.6021040807143473 0.6267028551940218 1.0408546881969145
57.xyz 0.6046930056138806 0.5873099053272476 0.9712530157861081
58.xyz 0.5931951128204394 0.6134055499325604 1.034070471376656
60.xyz 0.5877784994909734 0.5827185032811406 0.9913913213664419
62.xyz 0.5705809896433212 0.6021648924565053 1.0553539346498868
63.xyz 0.5755752008623 0.5554611573464089 0.9650540129495553
64.xyz 0.5741208316082913 0.49582386399588596 0.8636228415661714
67.xyz 0.5486767428896224 0.5942415737664073 1.083044946714556
68.xyz 0.548838174040818 0.5863443742270043 1.0683374480132222
69.xyz 0.549245861852031 0.5493048900104095 1.0001074712846802
70.xyz 0.5411797194299587 0.5337935902994339 0.9863517998451515
72.xyz 0.521068548814145 0.60166426727024 1.1546739265678496
75.xyz 0.5249583439272444 0.5315128998704466 1.0124858591524943
77.xyz 0.51415976132083 0.5323721366672067 1.0354216271214822
78.xyz 0.5096457952810094 0.5639917526781574 1.1066347606521165
80.xyz 0.5029220182310401 0.5000990369224444 0.9943868408893188
82.xyz 0.5044177312303596 0.48798548140904646 0.9674233302996068
88.xyz 0.4801760224607833 0.4817795657772941 1.003339490606576
89.xyz 0.48139811751581957 0.46250777725863507 0.9607594222539441
90.xyz 0.4746013936566157 0.4725695801721748 0.9957189053559524
91.xyz 0.47337105773395816 0.45381571521173913 0.9586891885282741
92.xyz 0.46729248382412425 0.47723524326262023 1.02127737933452
94.xyz 0.46601475851012186 0.4456768856741819 0.9563578782333817
96.xyz 0.4718657884977402 0.3832967438618846 0.8123003472707161
97.xyz 0.46687388118571527 0.41475852084769405 0.8883737933557895
100.xyz 0.45917914026360657 0.38828496254168954 0.8456067109642265
101.xyz 0.45281697460584297 0.4083121137928887 0.901715564325534
102.xyz 0.45464951906439266 0.3976313896871941 0.8745888272475594
104.xyz 0.44044631541866963 0.43064244058603257 0.9777410447325052
105.xyz 0.43852130007194406 0.4376679082104178 0.9980539329300852
106.xyz 0.4417044769021014 0.40679439509512383 0.9209650713712033
107.xyz 0.44009188698701535 0.45021983129268967 1.0230132492898538
110.xyz 0.42682530289577614 0.4234241930727653 0.9920316115283322
111.xyz 0.42833641679859014 0.45200643540173624 1.0552603460150718
112.xyz 0.42446721626224765 0.45786257371710287 1.0786759405094377
113.xyz 0.423813632283023 0.4572141716087648 1.0788094973392384
115.xyz 0.4250881913847138 0.4387228350287618 1.0320748586302373
122.xyz 0.4082462850494232 0.4674437104422765 1.1450041985946957
124.xyz 0.4051986174291629 0.40385072943298456 0.9966735128448112
125.xyz 0.42343707554163973 0.34860818162743973 0.8232821398114877
127.xyz 0.3981839082782484 0.4203496953637264 1.0556672096100597
128.xyz 0.40014738736233224 0.4010709033051509 1.002307939454275
129.xyz 0.396769009872142 0.38242553499398424 0.9638493064698277
130.xyz 0.39787841130217233 0.3602569490811064 0.9054448264786752
132.xyz 0.38666358222091296 0.4352118530025085 1.1255568742800774
135.xyz 0.3864368168767134 0.3972810979176167 1.0280622357066018
136.xyz 0.3843138696622081 0.4085655625564897 1.0631038711030585
137.xyz 0.38675794650954015 0.4066324087586003 1.0513873403983696
144.xyz 0.3803489902343483 0.3789181722631163 0.9962381444200747
145.xyz 0.3814239280128231 0.36391265065635925 0.954089725184008
146.xyz 0.3742652085724022 0.38913806509463683 1.0397388167042447
150.xyz 0.3862432051446633 0.3359936008493363 0.8699016484276881
152.xyz 0.3740936153726831 0.3528775671652268 0.9432867941723083
153.xyz 0.37009802984307755 0.3569189774644462 0.9643903741281213
160.xyz 0.3603093812539205 0.372375349238234 1.0334877985755533
161.xyz 0.3607771328096643 0.3642903744211907 1.0097379830705067
162.xyz 0.3556951505989167 0.36538947825489737 1.027254596076605
163.xyz 0.35484976276594327 0.34359346222035014 0.9682786865690601
164.xyz 0.35148770147168273 0.3636059134741394 1.0344769161245688
165.xyz 0.3515481704882163 0.34891908545193967 0.9925214088509536
167.xyz 0.35660851426363316 0.34112625874404134 0.9565847283496263
168.xyz 0.34693506159158777 0.3348074177411445 0.965043475874687
170.xyz 0.371623984652461 0.29901129420053113 0.8046070935926364
171.xyz 0.3644928739535977 0.3103688070671643 0.8515085732696005
174.xyz 0.34140723038293264 0.33317817484239304 0.9758966571056223
175.xyz 0.3435637351761585 0.33367971584086464 0.9712309003445141
177.xyz 0.33902911975079086 0.36481619426369477 1.0760615328024306
178.xyz 0.37063246787863324 0.28064619675425106 0.7572088823209926
180.xyz 0.35015764831905527 0.3066291718240515 0.8756889169665041
182.xyz 0.3333813558816161 0.35368261278878027 1.0608949977225877
184.xyz 0.3315964369656405 0.3517563182894901 1.0607964352944437
187.xyz 0.3272184134665347 0.34941475747118994 1.06783341979294
188.xyz 0.3314736251605158 0.3395203160820999 1.024275508851383
189.xyz 0.33806076069161606 0.3117478097971467 0.9221650248889063
192.xyz 0.32229461985654556 0.366977036332854 1.1386384187740917
195.xyz 0.3251633701151005 0.3326861043750679 1.0231352450840465
197.xyz 0.32099152968903044 0.3451104206924622 1.0751387148028413
198.xyz 0.32437738969326607 0.3232118494942489 0.9964068389596473
200.xyz 0.31964071801209926 0.3209498573774456 1.0040956589432288
202.xyz 0.31890511223282875 0.3332705574776633 1.0450461428612865
204.xyz 0.31456604271770733 0.3446471634462703 1.0956273616461452
207.xyz 0.3218755845695651 0.30339784342367715 0.9425935298242714
209.xyz 0.31341431602716807 0.32085723858770226 1.0237478704064336
212.xyz 0.3062196209071543 0.33734976578717824 1.1016595369944062
214.xyz 0.30648800261680303 0.32817866902822274 1.0707716655341293
216.xyz 0.3052507153570171 0.32123832106135797 1.052375325920668
217.xyz 0.3062204153405069 0.3230684044943213 1.055019157148879
220.xyz 0.30492083372882317 0.3147997982770985 1.0323984570928368
221.xyz 0.30568778570064353 0.30526300691980945 0.9986104162459076
222.xyz 0.304252205977743 0.3084955896165126 1.0139469280925444
223.xyz 0.3036270408586827 0.31446641843239603 1.0356996450087537
224.xyz 0.3034904023789474 0.3100089298414451 1.0214785291772044
226.xyz 0.3049987354494411 0.29949693056194343 0.9819612206608322
230.xyz 0.3077708855195383 0.27773580547539717 0.9024109119566659
232.xyz 0.3024611493658928 0.2866970268734808 0.9478805045690617
233.xyz 0.2988402475092242 0.30227325514177555 1.0114877686695978
234.xyz 0.3002848486223153 0.28366549306752953 0.9446546982605545
235.xyz 0.30031222054526224 0.28052756339502927 0.9341197067694716
236.xyz 0.2958869597232925 0.2999975451688667 1.01389241840674
237.xyz 0.2989217333369729 0.28470359729826095 0.9524352549411857
240.xyz 0.3003073534859836 0.2742842285971018 0.9133450293947051
242.xyz 0.2914831625123168 0.29375698002264156 1.0078008537121887
243.xyz 0.29108240512542666 0.300372313391376 1.031915045713417
244.xyz 0.2914725679456287 0.29746841686959213 1.0205708858511924
246.xyz 0.29165116335483204 0.2826693693664848 0.969203640798032
249.xyz 0.29113148521002047 0.28427642091480015 0.9764537171571288
250.xyz 0.2849526617294871 0.3008062334041455 1.05563580834247
255.xyz 0.28192857465636817 0.30449779590691073 1.0800529753965213
256.xyz 0.28145595884588814 0.30248282986628383 1.0747074999108794
257.xyz 0.27980656419915506 0.30461472876260165 1.0886618390617495
258.xyz 0.28038189240616984 0.29761336902829255 1.0614571664177253
259.xyz 0.2796279707215644 0.2979263653537886 1.0654383557732303
260.xyz 0.28672843954770044 0.2698164816636514 0.941017508027014
262.xyz 0.28916013456528783 0.25746412777394195 0.8903859730215009
263.xyz 0.2778694752995556 0.2978435467663986 1.0718829279297775
264.xyz 0.2767377373907326 0.283257051461923 1.0235577342384121
267.xyz 0.302222156765866 0.22522443766417483 0.7452280801458844
268.xyz 0.2810127569208938 0.2721376338676318 0.9684173659925326
272.xyz 0.27085385707518006 0.30788628267758544 1.1367247489192167
273.xyz 0.27305132838685636 0.2880927981741065 1.0550866017613345
274.xyz 0.2733479969508779 0.2849145553722688 1.0423144070942998
275.xyz 0.2739943062484455 0.2778882587727445 1.014211800885994
276.xyz 0.270397582959666 0.28879439054088546 1.0680361391542603
277.xyz 0.2737911042915474 0.2741862183239271 1.0014431222424194
278.xyz 0.2722456271156167 0.27879110121924744 1.0240425316394561
279.xyz 0.27170770345954576 0.2780934818582366 1.0235023825875502
282.xyz 0.26622340834831 0.30029164432338273 1.127968596700182
284.xyz 0.284226939127559 0.2314088254823591 0.8141692205273495
286.xyz 0.27542983934915155 0.2527645190728894 0.9177092782328126
287.xyz 0.26871432359610975 0.26873414425745423 1.0000737610897672
288.xyz 0.2665702069474223 0.2759127169401681 1.0350470898444721
291.xyz 0.26418538074217873 0.2785523110104112 1.0543820033791096
292.xyz 0.2641144373809987 0.28130080910192623 1.0650716859379228
293.xyz 0.2625946165281252 0.2811192395078354 1.0705445649443697
295.xyz 0.26407189371671835 0.2686093350828322 1.0171825986561878
296.xyz 0.26622523210095456 0.2654834092882367 0.9972135518227794
299.xyz 0.26302611019403166 0.26822570137610957 1.0197683461092217
304.xyz 0.2598434171436513 0.2693068771475042 1.0364198566501346
305.xyz 0.259694936745092 0.26741149335084446 1.029713927820344
306.xyz 0.2569954808834318 0.2733214217237103 1.0635261786867125
307.xyz 0.25982190228155055 0.2585400965789623 0.9950665987303902
308.xyz 0.25656531402784005 0.27128216589625975 1.0573610346518734
311.xyz 0.25689231099280035 0.2660023673878328 1.0354625498903614
312.xyz 0.2604227254039156 0.2510300233762728 0.9639328633356604
314.xyz 0.2541540359895218 0.26758499591252016 1.05284574714978
315.xyz 0.25335246993217775 0.2708834775228595 1.0691961187328263
316.xyz 0.25359176760722496 0.2647311378928448 1.0439263876376028
317.xyz 0.2536267572577849 0.2683539019231806 1.0580662104607013
318.xyz 0.2527848586560909 0.2644875348773767 1.0462950047067774
320.xyz 0.25316161715064994 0.2608942570010666 1.0305442820971362
322.xyz 0.25176127953959354 0.2623172525828097 1.041928500929612
324.xyz 0.2519380387915277 0.25991694114734554 1.0316700979101459
325.xyz 0.2567020296284485 0.24118170114251983 0.9395395178277598
327.xyz 0.25080821812977355 0.2536977980904287 1.0115210736801297
328.xyz 0.24954170177073076 0.2626027071579653 1.0523399708127121
329.xyz 0.2493203952506865 0.25914085411212223 1.039388911009713
330.xyz 0.2481510897273866 0.2586007077022244 1.0421099016180728
331.xyz 0.24940700333254676 0.258985400059211 1.0384046823011337
332.xyz 0.24801740846491568 0.25669412929250796 1.034984321791346
333.xyz 0.24823629704098968 0.2582977861629602 1.0405319014257979
334.xyz 0.2513664613249348 0.24633332862384655 0.9799769122954631
339.xyz 0.24655749364223015 0.253444695693168 1.027933452555823
340.xyz 0.2478293505636105 0.24798834380799867 1.000641543239437
341.xyz 0.25788396702441396 0.21514870571270997 0.8342849235460295
342.xyz 0.2502386489059521 0.23197500549506844 0.9270150974250675
344.xyz 0.24459453931679487 0.2515168702401524 1.0283012488451013
345.xyz 0.24478993171349975 0.24548067658453637 1.0028217862810023
346.xyz 0.24493008200889382 0.24841932719570234 1.0142458825726512
348.xyz 0.24084087714891714 0.2619461962519977 1.087631798027503
349.xyz 0.2437551737555978 0.24518313214732743 1.0058581664943915
356.xyz 0.23826504206199717 0.25589149425422625 1.0739783395821978
357.xyz 0.23769877854822155 0.2590476728071967 1.0898149093965332
358.xyz 0.23756856645370517 0.25590508586064986 1.0771841143829015
361.xyz 0.24068435591486168 0.2354993899028952 0.9784574032979503
367.xyz 0.2353448018003633 0.25050691328252084 1.0644250961405095
372.xyz 0.23130840624137416 0.26034238987317826 1.125520659208151
375.xyz 0.23309524613549054 0.24665418274757844 1.0581690825397896
390.xyz 0.22676201375696892 0.2469890976439785 1.0891996130740305
392.xyz 0.22577507669395125 0.2530917908675878 1.1209908311122652
400.xyz 0.22474697296449211 0.2392995324016462 1.064750858466304